8406
8407
8408
8409
8410
8411
8412
8413
8414
8415
8416
8418
8419
8420
8421
8423
8424
8427
8430
8431
8432
8433
8434
8435
8436
8438
8439
8440
8441
8443
8444
8445
8446
8447
8448
8454
8455
8458
8459
8460
8461
8462
8464
8465
8467
8468
8469
8470
8471
8472
8473
8475
8476
8487
8489
8490
8492
8493
8495
8498
8504
8506
8507
8508
8510
8513
8514
8518
8520
8526
8528
8529
8531
8534
8536
8537
8538
8539
8540
8541
8543
8546
8547
8548
8549
8550
8553
8554
8555
8556
8562
8565
8566
8567
8571
8572
8573
8578
8579
8580
8581
8584
8585
8586
8587
8588
8589
8590
8601
8613
8614
8615
8616
8617
8618
8619
8620
8621
8622
8624
8626
8627
8635
8638
8644
8646
8647
8648
8649
8650
8652
8653
8654
8655
8656
8658
8659
8660
8661
8663
8664
8666
8668
8669
8670
8671
8672
8673
8675
8677
8680
8681
8682
8683
8686
8687
8688
8689
8690
8691
8693
8695
8697
8698
8699
8700
8701
8702
8703
8704
8705
8706
8707
8708
8709
8711
8712
8714
8715
8716
8718
8719
8720
8721
8724
8735
8736
8738
8739
8740
8742
8743
8744
8745
8746
8747
8748
8749
8750
8751
8752
8754
8755
8756
8757
8758
8759
8762
8763
8764
8766
8767
8768
8769
8770
8771
8772
8773
8774
8776
8777
8778
8780
8782
8783
8784
8786
8787
8789
8790
8791
8792
8793
8794
8795
8796
8797
8798
8799
8800
8801
8802
8804
8806
8807
8809
8810
8811
8813
8814
8817
8825
8830
8832
8836
8841
8844
8852
8853
8855
8856
8857
8859
8860
8861
8862
8863
8866
8867
8868
8873
8874
8876
8877
8878
8879
8882
8883
8885
8886
8888
8889
8890
8891
8893
8894
8897
8898
8899
8900
8902
8903
8904
8905
8906
8907
8908
8909
8911
8912
8914
8915
8917
8918
8919
8920
8921
8922
8923
8925
8926
8927
8928
8931
8934
8935
8936
8937
8938
8939
8940
8941
8943
8954
8955
8957
8958
8959
8960
8962
8963
8964
8966
8968
8971
8972
8974
8975
8976
8977
8979
8981
8982
8987
8989
8990
8991
8993
8994
8995
8996
8997
8998
8999
9001
9002
9004
9005
9007
9008
9009
9017
9022
9023
9024
9025
9026
9028
9030
9033
9034
9035
9037
9038
9039
9040
9041
9044
9049
9050
9052
9053
9055
9056
9057
9059
9060
9061
9062
9063
9064
9065
9066
9067
9068
9069
9072
9073
9074
9075
9076
9079
9080
9081
9084
9085
9087
9088
9089
9090
9092
9093
9094
9095
9096
9108
9109
9112
9113
9114
9116
9134
9136
9138
9141
9142
9144
9146
9148
9149
9158
9167
9169
9175
9186
9188
9191
9192
9194
9195
9196
9199
9201
9202
9203
9205
9206
9207
9208
9209
9210
9212
9214
9215
9216
9217
9218
9223
9225
9226
9228
9230
9231
9232
9233
9236
9237
9238
9239
9240
9241
9242
9243
9245
9246
9247
9249
9250
9252
9254
9255
9262
9265
9266
9267
9268
9269
9272
9273
9275
9277
9278
9279
9280
9281
9282
9284
9285
9286
9287
9288
9289
9290
9291
9292
9293
9295
9297
9298
9299
9300
9301
9302
9303
9304
9305
9307
9308
9310
9311
9313
9316
9317
9319
9320
9321
9324
9325
9326
9327
9328
9329
9331
9332
9333
9335
9336
9337
9338
9340
9341
9343
9344
9345
9346
9347
9348
9349
9350
9351
9354
9356
9358
9360
9361
9362
9363
9364
9366
9367
9369
9370
9372
9373
9374
9375
9377
9378
9379
9383
9384
9385
9386
9390
9391
9392
9394
9395
9396
9397
9398
9401
9403
9404
9405
9406
9407
9408
9410
9411
9412
9414
9415
9416
9417
9421
9422
9423
9425
9427
9428
9429
9431
9432
9433
9434
9435
9436
9437
9438
9439
9440
9442
9444
9445
9446
9447
9448
9449
9452
9453
9454
9456
9457
9458
9459
9460
9461
9463
9464
9465
9466
9467
9468
9470
9471
9472
9473
9474
9477
9479
9480
9481
9482
9483
9485
9486
9488
9489
9491
9492
9494
9497
9498
9499
9500
9501
9503
9504
9505
9506
9507
9508
9509
9510
9511
9512
9513
9515
9516
9517
9518
9519
9521
9523
9524
9525
9526
9527
9529
9530
9531
9532
9533
9534
9535
9536
9538
9539
9542
9543
9545
9546
9548
9550
9551
9553
9554
9556
9557
9558
9559
9560
9561
9562
9563
9564
9565
9567
9569
9570
9571
9572
9573
9574
9575
9576
9577
9578
9579
9580
9581
9582
9583
9584
9585
9586
9587
9589
9590
9591
9592
9593
9594
9595
9597
9598
9599
9601
9602
9603
9604
9605
9607
9608
9609
9610
9612
9613
9614
9615
9617
9618
9619
9620
9621
9627
9628
9629
9630
9631
9632
9633
9634
9636
9637
9639
9640
9644
9645
9649
9650
9651
9653
9654
9655
9656
9657
9658
9660
9661
9662
9665
9667
9668
9669
9670
9672
9674
9675
9677
9678
9679
9681
9682
9683
9684
9685
9689
9690
9694
9695
9696
9698
9699
9700
9702
9703
9704
9706
9708
9709
9710
9712
9713
9716
9717
9718
9719
9720
9721
9722
9724
9725
9726
9727
9729
9730
9733
9741
9742
9744
9749
9750
9751
9757
9758
9760
9761
9762
9765
9767
10307
10308
10353
10354
10355
10356
10357
10359
10362
10363
10366
10371
10374
10375
10379
10380
10381
10382
10383
10385
10386
10389
10390
10394
10396
10432
10433
10434
10436
10437
10438
10439
10441
10442
10444
10445
10446
10447
10448
10449
10450
10452
10453
10471
10472
10473
10475
10478
10479
10480
10481
10482
10483
10484
10485
10486
10487
10488
10489
10490
10491
10492
10493
10500
10501
10502
10504
10505
10508
10512
10516
10517
10518
10519
10520
10521
10522
10523
10525
10528
10529
10530
10532
10533
10534
10535
10537
10538
10540
10544
10545
10546
10547
10551
10553
10555
10556
10558
10560
10561
10562
10563
10565
10567
10568
10569
10570
10571
10573
10574
10575
10577
10578
10579
10580
10581
10583
10584
10585
10586
10590
10591
10592
10593
10594
10595
10597
10598
10599
10600
10601
10602
10603
10605
10606
10608
10609
10610
10611
10612
10613
10616
10618
10622
10623
10624
10625
10626
10627
10629
10630
10631
10633
10634
10635
10639
10640
10641
10643
10644
10645
10646
10647
10648
10649
10652
10654
10655
10656
10657
10658
10660
10662
10663
10665
10666
10667
10668
10669
10670
10672
10673
10674
10675
10678
10680
10681
10682
10683
10685
10687
10688
10689
10690
10692
10693
10694
10695
10696
10697
10698
10700
10701
10702
10704
10705
10706
10707
10708
10710
10711
10712
10713
10714
10716
10719
10720
10721
10724
10725
10726
10727
10728
10729
10730
10732
10733
10734
10735
10736
10737
10741
10743
10744
10745
10746
10747
10748
10750
10752
10755
10756
10757
10758
10760
10761
10762
10763
10764
10765
10766
10767
10768
10769
10771
10772
10773
10774
10778
10781
10782
10784
10786
10787
10788
10789
10790
10791
10792
10793
10794
10795
10796
10797
10798
10799
10800
10801
10803
10804
10805
10807
10809
10810
10811
10813
10815
10816
10818
10819
10820
10821
10822
10823
10824
10827
10828
10829
10830
10831
10832
10833
10834
10836
10837
10838
10839
10840
10841
10842
10843
10844
10845
10846
10847
10848
10849
10850
10855
10856
10857
10858
10861
10862
10863
10864
10865
10867
10868
10869
10870
10873
10874
10877
10878
10881
10882
10883
10884
10885
10886
10887
10888
10890
10892
10893
10894
10897
10898
10900
10901
10902
10903
10905
10906
10908
10910
10911
10913
10918
10920
10921
10922
10923
10924
10925
10926
10927
10928
10929
10931
10933
10936
10937
10938
10939
10940
10942
10946
10947
10948
10949
10950
10951
10952
10953
10954
10955
10956
10958
10959
10960
10961
10963
10965
10966
10967
10968
10969
10970
10971
10972
10973
10974
10975
10976
10979
10983
10984
10987
10988
10989
10990
10991
10992
10993
10994
10995
10997
10998
11000
11001
11002
11005
11024
11025
11026
11027
11029
11030
11031
11032
11039
11041
11042
11044
11045
11046
11048
-1
