23554
23556
23559
23561
23563
23564
23565
23567
23568
23569
23570
23571
23572
23573
23574
23575
23576
23577
23578
23581
23582
23584
23585
23586
23587
23588
23591
23592
23593
23595
23596
23597
23598
23599
23600
23601
23603
23604
23607
23609
23610
23611
23612
23613
23614
23615
23618
23622
23623
23624
23625
23626
23627
23628
23629
23630
23631
23632
23633
23634
23635
23636
23637
23638
23639
23640
23641
23642
23643
23645
23646
23648
23649
23650
23651
23652
23653
23654
23655
23656
23657
23658
23659
23660
23661
23662
23663
23664
23666
23669
23670
23671
23672
23673
23674
23676
23678
23679
23680
23681
23682
23683
23684
23685
23686
23688
23689
23690
23691
23692
23693
23694
23695
23697
23698
23699
23701
23702
23704
23706
23707
23708
23709
23710
23712
23713
23714
23715
23716
23717
23718
23719
23720
23721
23722
23723
23724
23725
23726
23727
23728
23729
23730
23732
23734
23736
23738
23739
23740
23742
23743
23744
23754
23755
23756
23757
23758
23760
23761
23762
23763
23764
23765
23766
23767
23768
23769
23770
23771
23772
23773
23774
23775
23776
23777
23778
23780
23781
23782
23783
23784
23785
23786
23787
23788
23789
23790
23793
23795
23796
23797
23798
23801
23802
23803
23804
23805
23806
23807
23808
23809
23811
23812
23813
23814
23815
23816
23817
23818
23819
23821
23822
23824
23825
23826
23827
23828
23829
23830
23831
23832
23833
23835
23836
23837
23838
23839
23840
23841
23842
23844
23845
23846
23848
23849
23851
23852
23853
23854
23855
23856
23857
23859
23860
23861
23862
23863
23864
23865
23866
23867
23868
23887
23889
23891
23892
23893
23897
23899
23900
23901
23902
23903
23904
23905
23907
23908
23909
23910
23912
23915
23916
23918
23919
23920
23922
23923
23924
23925
23926
23928
23931
23932
23933
23934
23935
23938
23940
23942
23944
23945
23946
23947
23948
23949
23950
23951
23952
23954
23955
23957
23958
23959
23961
23963
23964
23965
23966
23967
23968
23969
23974
23976
23977
23978
23979
23980
23981
23982
23983
23985
23986
23988
23989
23990
23991
23992
23993
23994
23995
23996
23997
23998
23999
24000
24002
24003
24004
24005
24006
24007
24008
24010
24011
24012
24014
24015
24016
24017
24018
24019
24020
24021
24022
24023
24024
24025
24026
24027
24028
24029
24030
24031
24032
24033
24034
24035
24055
24056
24057
24058
24060
24061
24062
24064
24065
24066
24067
24068
24069
24070
24071
24072
24074
24075
24077
24078
24079
24080
24081
24082
24083
24084
24085
24088
24089
24091
24092
24093
24094
24095
24096
24097
24098
24100
24101
24102
24103
24104
24106
24107
24108
24109
24110
24111
24112
24113
24115
24116
24117
24119
24121
24122
24123
24124
24135
24136
24138
24139
24141
24142
24143
24144
24145
24147
24149
24150
24151
24152
24153
24154
24155
24156
24159
24160
24162
24163
24164
24165
24166
24167
24168
24169
24170
24171
24172
24174
24175
24176
24178
24179
24180
24181
24182
24183
24184
24185
24188
24189
24190
24191
24219
24222
24223
24224
24225
24226
24228
24231
24232
24233
24238
24240
24241
24242
24243
24244
24247
24248
24249
24250
24252
24253
24255
24256
24257
24258
24259
24260
24261
24263
24264
24265
24266
24267
24268
24269
24271
24272
24274
24275
24277
24278
24279
24280
24281
24282
24283
24284
24285
24286
24287
24288
24289
24290
24291
24292
24293
24294
24295
24296
24298
24299
24300
24303
24304
24305
24307
24308
24309
24310
24311
24312
24313
24314
24317
24319
24320
24321
24322
24323
24324
24325
24326
24327
24328
24329
24330
24332
24333
24334
24335
24336
24337
24338
24339
24340
24341
24342
24343
24344
24345
24346
24347
24350
24351
24352
24353
24354
24355
24357
24358
24359
24361
24363
24364
24365
24366
24367
24368
24369
24370
24371
24373
24374
24375
24376
24378
24380
24381
24386
24387
24388
24389
24391
24392
24393
24395
24397
24400
24401
24403
24410
24411
24412
24413
24416
24417
24418
24420
24421
24422
24423
24424
24425
24426
24430
24431
24433
24434
24435
24437
24438
24440
24441
24442
24443
24444
24445
24446
24447
24448
24450
24451
24452
24453
24455
24456
24457
24458
24459
24460
24461
24462
24463
24465
24467
24468
24470
24471
24472
24473
24474
24475
24476
24477
24478
24479
24481
24482
24483
24486
24487
24488
24489
24490
24492
24493
24494
24495
24496
24497
24498
24499
24503
24504
24505
24506
24507
24509
24510
24512
24513
24514
24516
24517
24518
24520
24521
24522
24523
24524
24525
24526
24528
24529
24530
24532
24533
24534
24536
24537
24539
24540
24541
24542
24544
24545
24547
24548
24549
24550
24552
24554
24555
24557
24558
24559
24560
24561
24562
24563
24564
24565
24567
24568
24569
24570
24571
24573
24574
24575
24576
24577
24578
24580
24581
24582
24583
24584
24585
24586
24587
24588
24589
24590
24591
24593
24594
24596
24597
24598
24599
24600
24602
24603
24604
24605
24606
24608
24609
24610
24611
24612
24613
24614
24615
24616
24617
24618
24619
24620
24621
24622
24623
24624
24625
24626
24627
24628
24629
24630
24631
24632
24633
24634
24635
24636
24637
24639
24640
24641
24642
24643
24644
24646
24647
24648
24649
24650
24651
24652
24653
24655
24656
24657
24658
24660
24662
24664
24665
24667
24668
24669
24670
24672
24673
24674
24675
24676
24677
24678
24679
24680
24681
24683
24684
24685
24686
24687
24689
24690
24691
24692
24693
24694
24695
24696
24697
24698
24699
24700
24701
24702
24703
24704
24705
24706
24707
24708
24709
24710
24711
24714
24715
24717
24721
24722
24723
24725
24726
24727
24729
24730
24731
24732
24733
24734
24738
24739
24740
24741
24742
24743
24744
24745
24747
24749
24752
24753
24754
24755
24758
24760
24761
24762
24764
24765
24766
24767
24769
24770
24772
24773
24774
24775
24776
24777
24779
24780
24781
24782
24783
24784
24785
24786
24787
24788
24789
24790
24791
24792
24793
24794
24795
24797
24799
24800
24801
24802
24804
24805
24806
24807
24808
24809
24810
24811
24812
24813
24815
24818
24819
24821
24822
24823
24824
24825
24826
24827
24829
24830
24831
24832
24833
24834
24835
24836
24837
24838
24839
24840
24841
24842
24843
24844
24845
24846
24847
24848
24850
24851
24852
24853
24854
24855
24856
24857
24858
24861
24862
24863
24865
24866
24867
24868
24869
24871
24872
24874
24875
24876
24877
24878
24879
24880
24881
24883
24884
24885
24886
24887
24888
24889
24890
24891
24892
24894
24895
24896
24897
24898
24899
24900
24901
24902
24903
24904
24905
24906
24908
24909
24911
24912
24913
24914
24915
24916
24919
24920
24921
24922
24923
24924
24925
24929
24930
24931
24932
24933
24934
24935
24936
24937
24939
24940
24941
24942
24943
24946
24947
24948
24949
24950
24951
24952
24953
24954
24955
24957
24959
24960
24961
24962
24963
24965
24966
24968
24969
24970
24971
24972
24974
24976
24977
24978
24979
24983
24985
24986
24987
24988
24989
24990
24991
24993
24995
24996
24997
24998
24999
25000
25001
25002
25003
25005
25006
25007
25008
25009
25010
25011
25012
25013
25014
25015
25017
25019
25022
25024
25025
25026
25027
25030
25031
25032
25034
25035
25036
25037
25038
25039
25040
25041
25042
25045
25046
25047
25048
25049
25050
25051
25052
25053
25054
25056
25058
25059
25060
25062
25064
25065
25066
25067
25068
25069
25070
25071
25072
25074
25076
25077
25078
25080
25081
25082
25083
25084
25085
25087
25088
25089
25090
25091
25093
25094
25095
25096
25097
25098
25099
25105
25106
25107
25108
25109
25110
25111
25112
25113
25115
25117
25118
25120
25121
25122
25123
25124
25125
25126
25127
25128
25129
25130
25131
25132
25134
25135
25137
25138
25139
25140
25141
25142
25143
25144
25145
25147
25149
25150
25152
25153
25154
25155
25156
25157
25158
25159
25163
25164
25165
25166
25167
25168
25169
25170
25171
25172
25173
25174
25175
25177
25178
25179
25181
25183
25184
25185
25186
25187
25191
25192
25193
25194
25195
25196
25197
25198
25199
25200
25201
25202
25203
25204
25205
25206
25207
25208
25209
25210
25211
25212
25213
25214
25215
25216
25217
25218
25219
25220
25221
25222
25223
25224
25226
25227
25228
25230
25231
25232
25233
25234
25237
25238
25239
25240
25241
25242
25243
25245
25246
25248
25251
25252
25254
25255
25256
25257
25258
25259
25260
25261
25262
25263
25264
25265
25266
25267
25268
25269
25270
25272
25273
25274
25275
25276
25277
25278
25279
25280
25281
25282
25283
25284
25287
25288
25289
25290
25291
25294
25295
25297
25298
25299
25300
25301
25302
25303
25304
25307
25308
25310
25312
25313
25314
25315
25316
25317
25319
25320
25321
25322
25323
25324
25325
25326
25327
25328
25329
25330
25332
25333
25334
25336
25337
25338
25339
25340
25341
25342
25343
25344
25345
25346
25347
25348
25349
25350
25352
25353
25354
25356
25359
25360
25361
25362
25364
25366
25367
25368
25369
25370
25372
25374
25375
25377
25378
25379
25380
25381
25383
25384
25385
25387
25388
25389
25390
25391
25392
25393
25394
25395
25397
25399
25400
25401
25403
25404
25405
25408
25409
25410
25411
25412
25413
25414
25415
25416
25417
25420
25421
25423
25424
25426
25428
25429
25431
25433
25434
25435
25437
25439
25440
25441
25443
25444
25445
25446
25447
25448
25449
25450
25451
25452
25524
25528
25529
25530
25531
25533
25534
25535
25536
25537
25538
25539
25542
25543
25544
25545
25546
25547
25548
25549
25550
25551
25552
25553
25554
25555
25559
25562
25564
25566
25567
25568
25569
25570
25571
25573
25574
25575
25576
25577
25578
25579
25581
25582
25583
25584
25585
25587
25588
25589
25590
25591
25592
25593
25594
25595
25597
25599
25600
25601
25602
25604
25606
25609
25610
25611
25614
25615
25616
25618
25619
25621
25622
25623
25624
25625
25626
25628
25629
25630
25633
25634
25635
25636
25638
25639
25642
25643
25644
25645
25646
25647
25648
25651
25652
25653
25654
25655
25656
25657
25658
25659
25660
25661
25662
25663
25665
25666
25667
25668
25669
25670
25671
25672
25673
25674
25675
25677
25678
25679
25680
25681
25682
25683
25684
25686
25687
25688
25689
25690
25691
25692
25693
25694
25695
25696
25697
25701
25702
25703
25704
25705
25706
25708
25709
25710
25711
25712
25713
25714
25716
25717
25718
25719
25720
25721
25723
25725
25726
25727
25728
25729
25730
25731
25732
25733
25735
25736
25737
25739
25740
25741
25742
25743
25745
25746
25748
25749
25751
25752
25753
25755
25756
25758
25759
25762
25763
25764
25765
25766
25767
25768
-1
