19015
19018
19021
19038
19080
19521
19543
19552
19628
19659
19680
19692
19715
19716
19717
19718
19722
19731
19780
19803
19811
19826
19836
19849
19894
19904
19925
19937
19987
20003
20026
20064
20095
20103
20107
20117
20146
20178
20192
20199
20211
20228
20293
20310
20401
20423
20424
20429
20469
20477
20486
20502
20520
20544
20572
20574
20590
20593
20600
20607
20608
20649
20652
20680
20686
20692
20730
20741
20748
20765
20783
20818
20858
20881
20939
21260
21318
21346
21468
21476
21510
21529
21537
21555
21669
21680
21699
21719
21758
21774
21776
21783
21811
21815
21845
21848
21895
21903
21927
21944
21964
21968
21974
21982
21988
21997
22002
22039
22043
22049
22053
22058
22061
22063
22086
22129
22242
22251
22276
22289
22304
22313
22321
22322
22331
22338
22342
22359
22394
22400
22407
22418
22442
22458
22502
22521
22543
22546
22552
22763
22798
22816
22872
22915
22923
23042
23045
23058
23068
23100
23131
23144
23156
23165
23170
23183
23231
23236
23250
23259
23305
23319
23321
23350
23363
23371
23379
23390
23391
23423
23433
23438
23481
23490
23491
23499
23516
23522
23525
23533
-1
