0004952
0004953
0004954
0004955
0004957
0004958
0004961
0004962
0004966
0004967
0004968
0004969
0004971
0004974
0004975
0004977
0004978
0004979
0004981
0004982
0004983
0004986
0004987
0004988
0004989
0004991
0004992
0004995
0004997
0004998
0004999
0005000
0005001
0005002
0005005
0005009
0005010
0005011
0005012
0005013
0005015
0005016
0005017
0005019
0005021
0005022
0005023
0005024
0005025
0005027
0005029
0005031
0005034
0005036
0005037
0005038
0005039
0005041
0005042
0005044
0005046
0005047
0005048
0005049
0005051
0005055
0005056
0005059
0005060
0005061
0005062
0005064
0005065
0005066
0005067
0005068
0005069
0005070
0005071
0005074
0005075
0005076
0005077
0005078
0005079
0005082
0005084
0005086
0005087
0005089
0005090
0005091
0005092
0005093
0005095
0005097
0005098
0005099
0005100
0005102
0005103
0005106
0005108
0005109
0005110
0005121
0005122
0005124
0005125
0005127
0005128
0005130
0005133
0005134
0005135
0005136
0005137
0005138
0005139
0005142
0005143
0005144
0005145
0005146
0005147
0005151
0005153
0005154
0005155
0005157
0005159
0005160
0005161
0005162
0005164
0005165
0005166
0005167
0005168
0005169
0005170
0005171
0005176
0005177
0005179
0005181
0005182
0005183
0005184
0005185
0005187
0005189
0005190
0005191
0005192
0005194
0005195
0005197
0005198
0005201
0005203
0005204
0005205
0005207
0005208
0005211
0005212
0005213
0005214
0005215
0005216
0005217
0005219
0005222
0005223
0005226
0005227
0005229
0005233
0005235
0005237
0005262
0005263
0005264
0005265
0005266
0005267
0005269
0005270
0005271
0005272
0005273
0005274
0005275
0005277
0005278
0005279
0005280
0005281
0005315
0005320
0005321
0005322
0005326
0005328
0005329
0005330
0005331
0005332
0005333
0005334
0005337
0005338
0005339
0005340
0005341
0005343
0005344
0005345
0005347
0005348
0005353
0005354
0005359
0005360
0005361
0005362
0005363
0005364
0005365
0005366
0005367
0005368
0005370
0005371
0005374
0005375
0005376
0005377
0005380
0005382
0005383
0005384
0005385
0005386
0005387
0005388
0005389
0005390
0005391
0005392
0005393
0005394
0005395
0005396
0005397
0005399
0005401
0005403
0005404
0005408
0005409
0005411
0005412
0005413
0005415
0005417
0005418
0005419
0005422
0005423
0005424
0005425
0005427
0005428
0005430
0005431
0005432
0005433
0005435
0005436
0005437
0005440
0005441
0005442
0005444
0005445
0005448
0005449
0005450
0005451
0005452
0005454
0005455
0005456
0005457
0005458
0005459
0005460
0005462
0005463
0005464
0005470
0005474
0005476
0005478
0005480
0005482
0005484
0005485
0005487
0005488
0005489
0005490
0005491
0005493
0005495
0005497
0005498
0005499
0005500
0005501
0005504
0005506
0005507
0005508
0005509
0005510
0005511
0005512
0005513
0005514
0005515
0005516
0005517
0005518
0005519
0005520
0005521
0005522
0005523
0005524
0005525
0005526
0005527
0005528
0005530
0005531
0005532
0005533
0005535
0005536
0005538
0005539
0005540
0005541
0005544
0005545
0005546
0005547
0005553
0005555
0005557
0005561
0005564
0005565
0005566
0005567
0005568
0005569
0005570
0005573
0005574
0005575
0005576
0005577
0005578
0005579
0005581
0005582
0005583
0005584
0005585
0005586
0005587
0005588
0005589
0005593
0005597
0005598
0005600
0005601
0005602
0005603
0005604
0005605
0005606
0005607
0005608
0005609
0005611
0005614
0005616
0005617
0005618
0005619
0005622
0005623
0005624
0005625
0005627
0005628
0005630
0005632
0005634
0005635
0005636
0005637
0005638
0005639
0005643
0005646
0005647
0005650
0005652
0005653
0005654
0005656
0005657
0005659
0005661
0005680
0005684
0005685
0005686
0005691
0005693
0005694
0005695
0005697
0005698
0005699
0005702
0005703
0005704
0005705
0005706
0005707
0005708
0005709
0005710
0005712
0005713
0005715
0005718
0005719
0005720
0005721
0005722
0005723
0005724
0005725
0005726
0005727
0005728
0005729
0005730
0005731
0005733
0005735
0005739
0005740
0005741
0005743
0005745
0005746
0005748
0005749
0005752
0005753
0005754
0005755
0005756
0005758
0005760
0005761
0005762
0005765
0005766
0005767
0005768
0005769
0005771
0005772
0005773
0005774
0005776
0005777
0005778
0005779
0005781
0005782
0005783
0005891
0005892
0005894
0005895
0005896
0005897
0005899
0005900
0005901
0005904
0005905
0005906
0005908
0005909
0005910
0005911
0005912
0005914
0005915
0005916
0005918
0005919
0005920
0005921
0005922
0005923
0005924
0005925
0005926
0005929
0005930
0005931
0005932
0005933
0005934
0005935
0005936
0005937
0005938
0005940
0005941
0005942
0005946
0005947
0005948
0005949
0005952
0005953
0005956
0005957
0005959
0005960
0005961
0005963
0005964
0005965
0005966
0005968
0005969
0005971
0005975
0005976
0005977
0005979
0005982
0005983
0005984
0005985
0005986
0005987
0005988
0005989
0005990
0005993
0005994
0005996
0005998
0006000
0006001
0006002
0006003
0006004
0006007
0006011
0006012
0006021
0006022
0006023
0006024
0006025
0006026
0006027
0006028
0006030
0006031
0006032
0006035
0006036
0006037
0006041
0006043
0006044
0006045
0006046
0006047
0006050
0006052
0006055
0006056
0006058
0006059
0006060
0006063
0006064
0006065
0006070
0006072
0006073
0006074
0006075
0006076
0006078
0006079
0006080
0006081
0006082
0006083
0006084
0006085
0006086
0006089
0006090
0006091
0006092
0006093
0006094
0006095
0006096
0006098
0006099
0006100
0006101
0006102
0006103
0006105
0006106
0006107
0006108
0006110
0006111
0006113
0006114
0006115
0006117
0006118
0006119
0006120
0006121
0006122
0006123
0006125
0006130
0006134
0006138
0006139
0006140
0006141
0006143
0006144
0006145
0006146
0006147
0006148
0006149
0006151
0006153
0006154
0006155
0006156
0006157
0006158
0006159
0006160
0006161
0006162
0006163
0006164
0006165
0006166
0006168
0006170
0006172
0006173
0006176
0006178
0006179
0006180
0006182
0006183
0006184
0006185
0006187
0006190
0006191
0006192
0006194
0006195
0006197
0006198
0006199
0006201
0006203
0006205
0006206
0006207
0006210
0006211
0006213
0006214
0006216
0006217
0006218
0006219
0006220
0006221
0006223
0006224
0006226
0006227
0006228
0006229
0006230
0006231
0006233
0006234
0006235
0006236
0006238
0006239
0006241
0006244
0006246
0006247
0006254
0006260
0006261
0006262
0006265
0006266
0006278
0006279
0006280
0006281
0006282
0006283
0006284
0006285
0006286
0006288
0006297
0006298
0006299
0006300
0006301
0006302
0006303
0006304
0006305
0006307
0006308
0006309
0006310
0006311
0006312
0006313
0006314
0006315
0006318
0006319
0006320
0006321
0006322
0006323
0006324
0006325
0006326
0006327
0006329
0006330
0006332
0006333
0006334
0006335
0006336
0006337
0006338
0006339
0006340
0006341
0006342
0006343
0006344
0006346
0006347
0006348
0006349
0006350
0006352
0006353
0006354
0006355
0006356
0006358
0006359
0006360
0006361
0006362
0006363
0006365
0006366
0006367
0006369
0006370
0006371
0006374
0006375
0006376
0006377
0006378
0006379
0006380
0006381
0006382
0006383
0006384
0006385
0006386
0006387
0006388
0006397
0006401
0006402
0006404
0006405
0006406
0006407
0006408
0006409
0006410
0006412
0006417
0006419
0006420
0006421
0006423
0006425
0006426
0006427
0006428
0006429
0006430
0006431
0006432
0006433
0006436
0006437
0006438
0006439
0006440
0006441
0006442
0006443
0006444
0006445
0006446
0006448
0006450
0006451
0006453
0006454
0006455
0006457
0006460
0006461
0006462
0006466
0006467
0006468
0006475
0006478
0006479
0006480
0006481
0006482
0006483
0006484
0006487
0006488
0006489
0006490
0006493
0006494
0006497
0006501
0006502
0006503
0006506
0006507
0006508
0006510
0006517
0006520
0006521
0006525
0006527
0006528
0006529
0006530
0006533
0006534
0006535
0006540
0006542
0006544
0006546
0006547
0006548
0006549
0006551
0006552
0006553
0006559
0006560
0006562
0006563
0006564
0006565
0006566
0006567
0006568
0006569
0006571
0006572
0006573
0006575
0006577
0006579
0006580
0006581
0006582
0006583
0006588
0006589
0006590
0006591
0006592
0006593
0006594
0006596
0006598
0006599
0006600
0006602
0006603
0006605
0006606
0006608
0006609
0006611
0006614
0006615
0006616
0006617
0006619
0006620
0006621
0006622
0006623
0006625
0006626
0006628
0006629
0006630
0006631
0006632
0006633
0006634
0006635
0006637
0006638
0006639
0006640
0006641
0006642
0006645
0006647
0006649
0006650
0006653
0006655
0006656
0006657
0006658
0006659
0006663
0006664
0006665
0006666
0006667
0006668
0006669
0006670
0006671
0006672
0006674
0006675
0006676
0006680
0006681
0006683
0006684
0006685
0006686
0006687
0006688
0006689
0006690
0006691
0006692
0006693
0006694
0006695
0006696
0006697
0006698
0006699
0006748
0006749
0006751
0006752
0006756
0006758
0006761
0006763
0006765
0006766
0006767
0006768
0006769
0006772
0006773
0006775
0006776
0006777
0006778
0006779
0006780
0006782
0006783
0006784
0006785
0006786
0006787
0006788
0006789
0006790
0006792
0006793
0006794
0006795
0006797
0006798
0006799
0006800
0006801
0006802
0006803
0006804
0006805
0006806
0006810
0006811
0006812
0006813
0006814
0006822
0006823
0006824
0006825
0006826
0006827
0006828
0006829
0006830
0006831
0006832
0006835
0006836
0006837
0006840
0006841
0006850
0006851
0006853
0006854
0006855
0006856
0006857
0006859
0006861
0006863
0006865
0006866
0006867
0006869
0006870
0006871
0006873
0006874
0006875
0006876
0006879
0006880
0006881
0006882
0006883
0006884
0006885
0006886
0006887
0006888
0006890
0006891
0006893
0006894
0006895
0006896
0006901
0006902
0006903
0006905
0006906
0006907
0006908
0006911
0006912
0006913
0006914
0006915
0006916
0006917
0006918
0006919
0006921
0006922
0006923
0006928
0006930
0006932
0006933
0006934
0006935
0006936
0006937
0006938
0006939
0006940
0006942
0006944
0006945
0006946
0006947
0006949
0006950
0006951
0006952
0006953
0006954
0006955
0006956
0006957
0006958
0006959
0006960
0006963
0006964
0006965
0006966
0006967
0006968
0006969
0006970
0006971
0006972
0006973
0006974
0006975
0006976
0006977
0006978
0006979
0006980
0006981
0006982
0006983
0006984
0006985
0006986
0006987
0006989
0006990
0006991
0006992
0006993
0006995
0006997
0006998
0006999
0007001
0007003
0007004
0007006
0007007
0007008
0007010
0007011
0007012
0007013
0007014
0007016
0007017
0007018
0007019
0007020
0007021
0007022
0007023
0007025
0007026
0007046
0007047
0007048
0007049
0007051
0007053
0007054
0007055
0007057
0007058
0007059
0007078
0007079
0007080
0007082
0007084
0007085
0007086
0007090
0007093
0007095
0007096
0007097
0007098
0007099
0007100
0007103
0007105
0007107
0007108
0007110
0007112
0007113
0007114
0007115
0007116
0007117
0007123
0007124
0007125
0007126
0007127
0007128
0007129
0007130
0007131
0007132
0007133
0007134
0007135
0007136
0007139
0007141
0007142
0007143
0007144
0007145
0007146
0007165
0007166
0007167
0007279
0007280
0007282
0007283
0007285
0007287
0007288
0007289
0007290
0007291
0007292
0007293
0007294
0007295
0007297
0007298
0007299
0007301
0007302
0007303
0007305
0007306
0007307
0007308
0007309
0007310
0007311
0007312
0007314
0007315
0007318
0007319
0007320
0007322
0007323
0007324
0007326
0007327
0007328
0007331
0007332
0007333
0007334
0007336
0007337
0007338
0007341
0007343
0007344
0007345
0007346
0007349
0007350
0007351
0007352
0007353
0007354
0007355
0007356
0007357
0007359
0007360
0007361
0007362
0007365
0007368
0007369
0007371
0007372
0007373
0007375
0007376
0007377
0007378
0007380
0007381
0007382
0007383
0007384
0007385
0007386
0007387
0007388
0007389
0007390
0007391
0007392
0007393
0007394
0007397
0007398
0007400
0007401
0007403
0007404
0007406
0007407
0007408
0007409
0007411
0007412
0007413
0007414
0007415
0007416
0007417
0007418
0007419
0007420
0007421
0007422
0007426
0007427
0007429
0007430
0007431
0007432
0007434
0007435
0007436
0007437
0007438
0007439
0007440
0007441
0007442
0007443
0007444
0007445
0007455
0007456
0007457
0007458
0007459
0007461
0007462
0007463
0007464
0007465
0007466
0007468
0007469
0007470
0007471
0007473
0007474
0007476
0007477
0007478
0007479
0007480
0007481
0007482
0007483
0007484
0007485
0007486
0007487
0007488
0007490
0007491
0007492
0007493
0007494
0007495
0007496
0007497
0007498
0007499
0007500
0007501
0007502
0007503
0007504
0007505
0007506
0007507
0007508
0007509
0007510
0007512
0007513
0007514
0007515
0007516
0007517
0007518
0007519
0007520
0007521
0007522
0007523
0007524
0007525
0007526
0007527
0007528
0007529
0007531
0007532
0007534
0007535
0007537
0007538
0007539
0007540
0007542
0007543
0007544
0007546
0007547
0007556
0007557
0007558
0007559
0007560
0007561
0007562
0007563
0007564
0007565
0007567
0007568
0007571
0007573
0007574
0007575
0007576
0007577
0007578
0007580
0007583
0007584
0007586
0007587
0007588
0007611
0007623
0007625
0007626
0007627
0007628
0007631
0007633
0007634
0007635
0007636
0007637
0007638
0007639
0007640
0007641
0007642
0007643
0007644
0007645
0007648
0007649
0007650
0007652
0007653
0007654
0007655
0007656
0007657
0007660
0007662
0007663
0007665
0007666
0007667
0007668
0007669
0007670
0007671
0007673
0007674
0007675
0007676
0007677
0007678
0007680
0007681
0007682
0007683
0007685
0007687
0007688
0007689
0007690
0007691
0007693
0007694
0007695
0007696
0007699
0007700
0007704
0007705
0007707
0007708
0007709
0007710
0007711
0007712
0007713
0007714
0007715
0007716
0007717
0007718
0007719
0007720
0007721
0007722
0007723
0007724
0007725
0007726
0007727
0007728
0007729
0007730
0007731
0007736
0007738
0007739
0007740
0007741
0007742
0007744
0007745
0007746
0007747
0007748
0007749
0007750
0007751
0007753
0007754
0007755
0007756
0007757
0007759
0007760
0007761
0007762
0007764
0007765
0007766
0007767
0007768
0007769
0007770
-1
