2019/11/1  0  0  0 0
2019/11/2  0  0  0 0
2019/11/3  0  0  0 0
2019/11/4  0  0  0 0
2019/11/5  0.000122865  7.25103e-05  0.991768 0.97603
2019/11/6  2.22738e-05  3.19469e-05  0.976958 1.00426
2019/11/7  1.69059e-05  3.07692e-05  0.988705 1.00661
2019/11/8  2.46366e-05  2.84973e-05  0.985814 0.997239
2019/11/9  1.3438e-05  2.61732e-05  0.990059 0.988897
2019/11/10  6.38976e-05  2.6924e-05  0.969448 0.983396
2019/11/11  1.39677e-05  2.65763e-05  0.98718 0.995929
2019/11/12  2.63165e-05  2.82032e-05  0.978256 0.984814
2019/11/13  4.75535e-05  4.4344e-05  0.965089 0.996481
2019/11/14  5.14701e-05  3.22357e-05  0.983239 0.998167
2019/11/15  3.08266e-05  2.78208e-05  0.970049 0.990707
2019/11/16  8.41224e-05  3.63463e-05  0.973835 0.990425
2019/11/17  3.63765e-05  3.68082e-05  0.986192 1.00326
2019/11/18  8.91089e-05  3.23173e-05  0.970835 0.980349
2019/11/19  -4.20914e-06  3.24288e-05  1.00411 0.995331
2019/11/20  3.90671e-05  3.12013e-05  0.987714 0.994459
2019/11/21  4.09724e-05  3.60015e-05  0.985925 0.992144
2019/11/22  2.36757e-05  2.92133e-05  0.978895 1.00523
2019/11/23  9.54318e-05  3.74096e-05  0.966772 0.985473
2019/11/24  3.84948e-05  3.15678e-05  0.974504 1.00752
2019/11/25  9.16122e-05  2.56685e-05  0.980784 0.989484
2019/11/26  2.15623e-05  2.86688e-05  0.992755 1.00914
2019/11/27  5.36332e-05  2.98319e-05  0.971256 0.989869
2019/11/28  6.60237e-05  3.00272e-05  0.978385 0.984051
2019/11/29  2.85959e-05  3.19824e-05  0.972101 0.998363
2019/11/30  1.92264e-05  3.11854e-05  1.00626 1.00122
2019/11/31  0.0  0.0
2019/12/1  0.000100733  3.42611e-05  0.964339 0.99909
2019/12/2  5.31506e-05  3.0768e-05  0.968878 0.985767
2019/12/3  3.12663e-05  3.17447e-05  0.984444 1.00299
2019/12/4  4.44309e-05  3.87712e-05  0.991933 1.00035
2019/12/5  2.11265e-05  3.04756e-05  0.98801 1.0064
2019/12/6  5.32296e-05  3.07979e-05  0.969982 0.978431
2019/12/7  5.56028e-05  3.2445e-05  0.965548 0.979115
2019/12/8  7.43042e-05  3.32472e-05  0.980375 0.999511
2019/12/9  5.21338e-05  2.58489e-05  0.983775 0.993776
2019/12/10  4.71622e-05  3.35516e-05  0.982784 0.987468
2019/12/11  6.26989e-05  2.61483e-05  0.968825 0.994798
2019/12/12  -9.983e-06  3.27152e-05  0.981997 1.00689
2019/12/13  6.18997e-05  3.10796e-05  0.983131 0.978109
2019/12/14  2.89454e-05  3.64144e-05  0.979178 0.999311
2019/12/15  1.04083e-05  3.269e-05  0.981922 0.999692
2019/12/16  1.24105e-05  3.17378e-05  0.984879 0.998267
2019/12/17  7.16079e-05  3.19162e-05  0.967588 0.972249
2019/12/18  -1.21626e-05  2.99366e-05  0.978015 1.00367
2019/12/19  2.12514e-05  3.21666e-05  0.981562 0.992468
2019/12/20  4.16139e-05  2.98507e-05  0.969132 0.989205
2019/12/21  5.33327e-05  2.93313e-05  0.984889 0.983235
2019/12/22  8.92625e-05  2.67194e-05  0.972647 0.984289
2019/12/23  3.28063e-05  3.22173e-05  0.993233 1.00893
2019/12/24  5.66858e-05  2.86964e-05  0.971307 0.993461
2019/12/25  5.38772e-05  3.03145e-05  0.982402 0.986028
2019/12/26  6.7916e-05  2.68396e-05  0.966367 0.986969
2019/12/27  3.44268e-05  2.92121e-05  0.969262 0.990214
2019/12/28  5.18983e-05  2.8285e-05  0.96938 0.996327
2019/12/29  3.17382e-05  3.11334e-05  0.989482 0.985648
2019/12/30  6.66597e-05  2.70273e-05  0.963005 0.989404
2019/12/31  0.0  0.0
2020/1/1  2.44727e-05  2.77939e-05  0.977764 0.993255
2020/1/2  3.76536e-05  3.06339e-05  0.967839 0.99627
2020/1/3  7.33232e-05  2.99391e-05  0.981447 0.988821
2020/1/4  7.6716e-05  3.11034e-05  0.968964 0.988448
2020/1/5  8.12362e-05  3.18988e-05  0.972783 0.990486
2020/1/6  7.9058e-06  3.49214e-05  0.989703 1.00169
2020/1/7  5.71784e-05  2.82435e-05  0.969458 0.979637
2020/1/8  7.86171e-05  2.77899e-05  0.978946 0.991446
2020/1/9  3.37155e-05  3.36985e-05  0.967004 0.995643
2020/1/10  8.30196e-05  3.47051e-05  0.964042 0.968549
2020/1/11  4.47881e-05  3.07174e-05  0.973855 0.981779
2020/1/12  4.19496e-05  3.2708e-05  0.982773 0.997461
2020/1/13  3.50899e-05  3.4699e-05  0.976531 0.991108
2020/1/14  6.51782e-05  3.35176e-05  0.976368 0.99215
2020/1/15  4.51468e-05  3.10448e-05  0.970035 0.985712
2020/1/16  2.695e-05  2.85545e-05  0.987229 0.999873
2020/1/17  1.46201e-05  3.10728e-05  0.980377 0.985459
2020/1/18  3.1126e-05  3.19578e-05  0.953155 0.996641
2020/1/19  6.3516e-05  2.66786e-05  0.985369 1.00615
2020/1/20  2.06077e-05  3.23361e-05  0.988629 1.0021
2020/1/21  1.26186e-05  3.28269e-05  0.996952 1.0014
2020/1/22  1.08167e-05  2.99125e-05  0.984986 1.00204
2020/1/23  7.3331e-05  2.93478e-05  0.969682 0.985392
2020/1/24  7.6749e-05  3.73715e-05  0.977235 0.976601
2020/1/25  7.31824e-05  3.3827e-05  0.983025 1.00758
2020/1/26  0.000127506  3.32304e-05  0.974022 0.998204
2020/1/27  6.15189e-05  3.4658e-05  0.97362 0.989365
2020/1/28  7.22321e-05  3.12223e-05  0.965555 0.986902
2020/1/29  8.12064e-05  3.09868e-05  0.985532 0.987797
2020/1/30  4.83806e-05  3.47828e-05  0.97564 0.994143
2020/1/31  0.0  0.0
2020/2/1  5.08911e-05  2.5581e-05  0.979259 0.983586
2020/2/2  8.80121e-05  3.04232e-05  0.975252 0.987438
2020/2/3  5.10044e-05  2.98888e-05  0.980055 0.990924
2020/2/4  7.97806e-05  2.88784e-05  0.966124 0.987052
2020/2/5  8.39832e-06  3.16192e-05  0.983099 0.996927
2020/2/6  0.000109278  3.23047e-05  0.956985 0.966618
2020/2/7  9.01189e-05  2.88079e-05  0.963361 0.984058
2020/2/8  5.89332e-05  3.13181e-05  0.978173 0.987888
2020/2/9  3.85783e-05  3.02675e-05  0.976213 0.987586
2020/2/10  7.28882e-05  3.37444e-05  0.967559 0.986318
2020/2/11  9.11342e-05  3.09678e-05  0.979179 1.00251
2020/2/12  0.000113405  2.9495e-05  0.973065 0.981228
2020/2/13  0.000114883  3.17673e-05  0.970959 0.976167
2020/2/14  4.91441e-05  3.18856e-05  0.977559 0.980583
2020/2/15  8.29704e-05  2.92088e-05  0.974332 0.992275
2020/2/16  5.8631e-05  2.96891e-05  0.981907 0.998631
2020/2/17  9.12327e-05  3.2341e-05  0.96128 0.981416
2020/2/18  1.61838e-05  3.8255e-05  1.00101 1.00164
2020/2/19  6.64832e-05  3.30984e-05  0.97123 0.984384
2020/2/20  6.55098e-05  3.7991e-05  0.94404 0.967072
2020/2/21  0  0  0 0
2020/2/22  0  0  0 0
2020/2/23  0  0  0 0
2020/2/24  0  0  0 0
2020/2/25  0  0  0 0
2020/2/26  0  0  0 0
2020/2/27  -0.00152808  4.79657e-05  1.42506 1.35784
2020/2/28  -0.000978333  3.51376e-05  1.2718 1.22079
2020/2/29  0.0  0.0
2020/2/30  0.0  0.0
2020/2/31  0.0  0.0
2020/3/1  -0.000381052  3.4882e-05  1.10239 1.07544
2020/3/2  -0.000181234  3.04471e-05  1.04353 1.04809
2020/3/3  -0.000138878  3.42504e-05  1.03087 1.03724
2020/3/4  -4.17123e-05  3.23313e-05  0.993597 1.00033
2020/3/5  3.62649e-05  3.08894e-05  0.983033 0.990781
2020/3/6  4.14807e-05  3.93127e-05  0.97695 1.00351
2020/3/7  0.000113756  2.98238e-05  0.957931 0.965878
2020/3/8  7.6679e-05  2.87247e-05  0.984207 0.990918
2020/3/9  7.27063e-05  3.30234e-05  0.963712 0.986048
2020/3/10  0.000126492  3.04685e-05  0.958613 0.979933
2020/3/11  4.66624e-05  2.53236e-05  0.978273 0.987869
2020/3/12  6.67184e-05  2.84725e-05  0.987767 0.988919
2020/3/13  4.62069e-05  2.81132e-05  0.97513 0.993339
2020/3/14  6.34624e-05  2.92149e-05  0.972629 0.995916
2020/3/15  4.79835e-05  3.46383e-05  0.980029 0.999194
2020/3/16  5.22552e-05  3.00668e-05  0.990394 0.996205
2020/3/17  4.95078e-05  3.46177e-05  0.949942 0.987314
2020/3/18  6.55982e-05  3.4601e-05  0.978578 0.98768
2020/3/19  5.48774e-05  3.00552e-05  0.965513 0.988149
2020/3/20  8.28481e-05  3.42731e-05  0.984249 0.984606
2020/3/21  5.09168e-05  3.13444e-05  0.984254 0.996303
2020/3/22  0  0  0 0
2020/3/23  0  0  0 0
2020/3/24  0  0  0 0
2020/3/25  0  0  0 0
2020/3/26  0  0  0 0
2020/3/27  0  0  0 0
2020/3/28  0  0  0 0
2020/3/29  0  0  0 0
2020/3/30  0  0  0 0
2020/3/31  0.0  0.0
