2019/11/1  0  0  0 0
2019/11/2  0  0  0 0
2019/11/3  0  0  0 0
2019/11/4  0  0  0 0
2019/11/5  0.0260784  0.0153894  0.991768 0.97603
2019/11/6  0.00471183  0.00676251  0.976958 1.00426
2019/11/7  0.00359097  0.00653026  0.988705 1.00661
2019/11/8  0.00525143  0.00606787  0.985814 0.997239
2019/11/9  0.00285682  0.00555875  0.990059 0.988897
2019/11/10  0.0135858  0.00572201  0.969448 0.983396
2019/11/11  0.00297045  0.00564929  0.98718 0.995929
2019/11/12  0.00560964  0.00600756  0.978256 0.984814
2019/11/13  0.0101165  0.00942548  0.965089 0.996481
2019/11/14  0.0109412  0.00685659  0.983239 0.998167
2019/11/15  0.00658679  0.00594022  0.970049 0.990707
2019/11/16  0.0178958  0.00773738  0.973835 0.990425
2019/11/17  0.00777043  0.00786225  0.986192 1.00326
2019/11/18  0.0189612  0.00687464  0.970835 0.980349
2019/11/19  -0.000902179  0.00694475  1.00411 0.995331
2019/11/20  0.00829093  0.00661954  0.987714 0.994459
2019/11/21  0.00874262  0.00768059  0.985925 0.992144
2019/11/22  0.00504869  0.00622749  0.978895 1.00523
2019/11/23  0.0202011  0.00792083  0.966772 0.985473
2019/11/24  0.00817644  0.00670245  0.974504 1.00752
2019/11/25  0.0195144  0.0054732  0.980784 0.989484
2019/11/26  0.00460086  0.00612205  0.992755 1.00914
2019/11/27  0.0114426  0.00636093  0.971256 0.989869
2019/11/28  0.014061  0.00639288  0.978385 0.984051
2019/11/29  0.00609278  0.00681041  0.972101 0.998363
2019/11/30  0.00411286  0.00667093  1.00626 1.00122
2019/11/31  0.0  0.0
2019/12/1  0.0215216  0.0073247  0.964339 0.99909
2019/12/2  0.0113628  0.00657196  0.968878 0.985767
2019/12/3  0.00666877  0.00676492  0.984444 1.00299
2019/12/4  0.00946535  0.00826094  0.991933 1.00035
2019/12/5  0.00449683  0.00648421  0.98801 1.0064
2019/12/6  0.0113703  0.0065723  0.969982 0.978431
2019/12/7  0.0118812  0.00692648  0.965548 0.979115
2019/12/8  0.0157946  0.00706535  0.980375 0.999511
2019/12/9  0.0111006  0.00550171  0.983775 0.993776
2019/12/10  0.0100726  0.00717032  0.982784 0.987468
2019/12/11  0.0133695  0.0055744  0.968825 0.994798
2019/12/12  -0.00212702  0.00697056  0.981997 1.00689
2019/12/13  0.0132479  0.00664375  0.983131 0.978109
2019/12/14  0.00616913  0.00776821  0.979178 0.999311
2019/12/15  0.00222551  0.00698609  0.981922 0.999692
2019/12/16  0.00264899  0.00677273  0.984879 0.998267
2019/12/17  0.0152141  0.00678118  0.967588 0.972249
2019/12/18  -0.00258947  0.00637472  0.978015 1.00367
2019/12/19  0.00453551  0.00686307  0.981562 0.992468
2019/12/20  0.00888404  0.0063637  0.969132 0.989205
2019/12/21  0.0113949  0.00625598  0.984889 0.983235
2019/12/22  0.0190547  0.00570003  0.972647 0.984289
2019/12/23  0.00700122  0.006875  0.993233 1.00893
2019/12/24  0.0120731  0.006109  0.971307 0.993461
2019/12/25  0.0114596  0.006448  0.982402 0.986028
2019/12/26  0.0144809  0.0057198  0.966367 0.986969
2019/12/27  0.00738167  0.00625374  0.969262 0.990214
2019/12/28  0.0110647  0.00603204  0.96938 0.996327
2019/12/29  0.0067829  0.0066466  0.989482 0.985648
2019/12/30  0.0142241  0.00576213  0.963005 0.989404
2019/12/31  0.0  0.0
2020/1/1  0.00522763  0.00593507  0.977764 0.993255
2020/1/2  0.00804342  0.00654204  0.967839 0.99627
2020/1/3  0.015612  0.00637674  0.981447 0.988821
2020/1/4  0.0163876  0.00664936  0.968964 0.988448
2020/1/5  0.0174018  0.00682769  0.972783 0.990486
2020/1/6  0.00169376  0.00748201  0.989703 1.00169
2020/1/7  0.0122112  0.00602747  0.969458 0.979637
2020/1/8  0.0168454  0.00595446  0.978946 0.991446
2020/1/9  0.00722567  0.00722119  0.967004 0.995643
2020/1/10  0.0177301  0.00740175  0.964042 0.968549
2020/1/11  0.00954705  0.00654613  0.973855 0.981779
2020/1/12  0.00896972  0.00698767  0.982773 0.997461
2020/1/13  0.00749315  0.00740368  0.976531 0.991108
2020/1/14  0.0140219  0.00720268  0.976368 0.99215
2020/1/15  0.00962009  0.00661342  0.970035 0.985712
2020/1/16  0.00574638  0.00608873  0.987229 0.999873
2020/1/17  0.003124  0.00663335  0.980377 0.985459
2020/1/18  0.00658636  0.00676681  0.953155 0.996641
2020/1/19  0.0135499  0.00569277  0.985369 1.00615
2020/1/20  0.00439347  0.00689062  0.988629 1.0021
2020/1/21  0.00269396  0.00700898  0.996952 1.0014
2020/1/22  0.00231126  0.00638539  0.984986 1.00204
2020/1/23  0.0157154  0.00628734  0.969682 0.985392
2020/1/24  0.0163383  0.00795872  0.977235 0.976601
2020/1/25  0.0156601  0.00723786  0.983025 1.00758
2020/1/26  0.0270386  0.00705486  0.974022 0.998204
2020/1/27  0.0131913  0.00742477  0.97362 0.989365
2020/1/28  0.0154471  0.00667641  0.965555 0.986902
2020/1/29  0.0173539  0.00661899  0.985532 0.987797
2020/1/30  0.0103673  0.00745428  0.97564 0.994143
2020/1/31  0.0  0.0
2020/2/1  0.0108445  0.0054498  0.979259 0.983586
2020/2/2  0.018819  0.00650221  0.975252 0.987438
2020/2/3  0.0109446  0.00641031  0.980055 0.990924
2020/2/4  0.0170668  0.00617424  0.966124 0.987052
2020/2/5  0.00179375  0.0067541  0.983099 0.996927
2020/2/6  0.0233457  0.00690783  0.956985 0.966618
2020/2/7  0.0192782  0.00616043  0.963361 0.984058
2020/2/8  0.0126178  0.0067025  0.978173 0.987888
2020/2/9  0.00825988  0.00647316  0.976213 0.987586
2020/2/10  0.015648  0.00724108  0.967559 0.986318
2020/2/11  0.0194478  0.00661153  0.979179 1.00251
2020/2/12  0.0242215  0.00629568  0.973065 0.981228
2020/2/13  0.0246179  0.00680708  0.970959 0.976167
2020/2/14  0.0105317  0.00682856  0.977559 0.980583
2020/2/15  0.0177555  0.00625393  0.974332 0.992275
2020/2/16  0.0124977  0.00632508  0.981907 0.998631
2020/2/17  0.0195621  0.00693757  0.96128 0.981416
2020/2/18  0.00346947  0.008203  1.00101 1.00164
2020/2/19  0.0141764  0.00705899  0.97123 0.984384
2020/2/20  0.0139695  0.00809348  0.94404 0.967072
2020/2/21  0  0  0 0
2020/2/22  0  0  0 0
2020/2/23  0  0  0 0
2020/2/24  0  0  0 0
2020/2/25  0  0  0 0
2020/2/26  0  0  0 0
2020/2/27  -0.273082  0.00867099  1.42506 1.35784
2020/2/28  -0.185981  0.00674604  1.2718 1.22079
2020/2/29  0.0  0.0
2020/2/30  0.0  0.0
2020/2/31  0.0  0.0
2020/3/1  -0.07742  0.007088  1.10239 1.07544
2020/3/2  -0.0375814  0.00632294  1.04353 1.04809
2020/3/3  -0.0291285  0.00718796  1.03087 1.03724
2020/3/4  -0.00880453  0.00681504  0.993597 1.00033
2020/3/5  0.00769688  0.00655408  0.983033 0.990781
2020/3/6  0.00884087  0.00837059  0.97695 1.00351
2020/3/7  0.0242762  0.00635687  0.957931 0.965878
2020/3/8  0.0163956  0.00614144  0.984207 0.990918
2020/3/9  0.0155412  0.00705372  0.963712 0.986048
2020/3/10  0.0271536  0.0065412  0.958613 0.979933
2020/3/11  0.00999656  0.00542111  0.978273 0.987869
2020/3/12  0.0142243  0.00606666  0.987767 0.988919
2020/3/13  0.00989822  0.0060213  0.97513 0.993339
2020/3/14  0.013591  0.00625354  0.972629 0.995916
2020/3/15  0.0102624  0.00741513  0.980029 0.999194
2020/3/16  0.0111715  0.00642645  0.990394 0.996205
2020/3/17  0.0105537  0.00737194  0.949942 0.987314
2020/3/18  0.0140073  0.00738377  0.978578 0.98768
2020/3/19  0.0117435  0.00642624  0.965513 0.988149
2020/3/20  0.0176804  0.0073158  0.984249 0.984606
2020/3/21  0.0108615  0.00668162  0.984254 0.996303
2020/3/22  0  0  0 0
2020/3/23  0  0  0 0
2020/3/24  0  0  0 0
2020/3/25  0  0  0 0
2020/3/26  0  0  0 0
2020/3/27  0  0  0 0
2020/3/28  0  0  0 0
2020/3/29  0  0  0 0
2020/3/30  0  0  0 0
2020/3/31  0.0  0.0
